PARAmeter 
jz = 8.100259e-01 
L1 = 5.000000e-04 
L2 = 5.000000e-04 
L3 = 5.000000e-04 
nf = 1203 
nT = 44 

