PARAmeter 
dc = 1.000000e-01 
fc = 1.108000e+01 
ft = 6.200000e+00 
it = 1.000000e-01 
f2 = 6.110000e+01 

